[DEFAULT]
EQSHIT=-3.000000
EQHOIST=21.500000
STBSHIT=0.000000
STBHOIST=3.000000
STBRSHIFTOFFSET= 0.000000
STBLHIFTOFFSET = 0.000000