[OHTInfo]
MachineName = V80002
BroadCastMask = 192.167.255.255
IsLCDAndLED = 1 //LCD 미사용 0, 사용 1 
PortNumAdd = 0
IsIOTHub=1
OHTType=FOUP_V81E

[DRIVING]
IdealGearRatio=114.7341619   //기어비 5.5:1로 계산됨.(실제 5.555:1)
Ideal2RealRatio=1.000000

[HOIST]
dPosition0_pulse=-500.000000
dPosition0_User=-2.000000
dPosition1_pulse=33000.000000
dPosition1_User=102.000000
dPosition2_pulse=210000.000000
dPosition2_User=637.000000
dPosition3_pulse=530000.000000
dPosition3_User=1558.000000
dPosition4_pulse=795000.000000
dPosition4_User=2278.000000
dPosition5_pulse=1110000.000000
dPosition5_User=3082.000000
dPosition6_pulse=1250000.000000
dPosition6_User=3422.000000
dHomeOffsetOfRailToJigOnUserUnit=30.000000
dHomeSearchOffset=0

[SHIFT]
dIdealGearRatio=682.666667
dIdeal2RealRatio=1.000000
dHomeOffsetOfMTLToJigOnUserUnit=0.000000
dHomeSearchOffset=0

[ROTATE]

[DiagAgentInfo]
IPAddress = 192.167.0.25
Port = 9621

[AUTOTEACHING]
IpAddress ="192.168.100.21"

[PRETRANS]
PreEQPIO = 1
PreShutter = 1


[WIRELESS]
IpAddress = "192.168.100.10"
UserID = "admin"
Password = "pass"
GatewayIP = "192.168.0.1"
